0.009 0.010750000000000001 0.00775 0.00925 0.009250000000000001
0.018 0.019125 0.01575 0.018000000000000002 0.016875
0.026999999999999996 0.028000000000000004 0.024625 0.025625 0.027000000000000003
0.036 0.03774999999999999 0.031875 0.0355 0.034125
0.045 0.043875 0.039625 0.041125 0.042374999999999996
0.05399999999999999 0.055125 0.051500000000000004 0.05325 0.05337499999999999
0.063 0.061375 0.05325 0.061375 0.05325
0.072 0.07762499999999999 0.06787499999999999 0.06787499999999999 0.07762499999999999
0.08099999999999999 0.08562499999999999 0.07887499999999999 0.08199999999999999 0.08249999999999999
0.09 0.093625 0.08325 0.0915 0.085375
0.09899999999999999 0.10587500000000001 0.09787500000000002 0.101625 0.102125
0.10799999999999998 0.11175000000000002 0.1025 0.10625 0.10800000000000001
0.11699999999999999 0.11750000000000001 0.106125 0.11750000000000001 0.106125
0.126 0.12337499999999998 0.11474999999999999 0.12025000000000001 0.117875
0.13499999999999998 0.13999999999999999 0.128875 0.137625 0.13124999999999998
0.144 0.14837499999999998 0.13737499999999997 0.1425 0.14325
0.153 0.161875 0.145625 0.14837499999999998 0.15912500000000002
0.16199999999999998 0.176875 0.15499999999999997 0.16299999999999998 0.168875
0.17099999999999999 0.17725 0.16212500000000002 0.165375 0.17400000000000002
0.18 0.182 0.16212500000000002 0.1735 0.170625
0.18899999999999997 0.17850000000000002 0.16862500000000002 0.17550000000000004 0.171625
0.19799999999999998 0.18725 0.175375 0.18375 0.178875
0.207 0.2065 0.19424999999999998 0.196375 0.20437500000000003
0.21599999999999997 0.21212499999999998 0.18937500000000002 0.199 0.20249999999999999
0.22499999999999998 0.21412499999999998 0.1955 0.205375 0.20425
0.23399999999999999 0.236625 0.21075 0.22062500000000002 0.22675
0.243 0.235875 0.22199999999999998 0.22487500000000002 0.233
0.252 0.2535 0.23712499999999997 0.238875 0.25175000000000003
0.26099999999999995 0.246 0.22937500000000002 0.23875000000000002 0.236625
0.26999999999999996 0.25012500000000004 0.23125 0.2395 0.241875
0.27899999999999997 0.24912499999999999 0.229 0.24274999999999997 0.23537499999999997
0.288 0.278625 0.259125 0.269125 0.268625
0.297 0.277875 0.262125 0.26825 0.27175000000000005
0.306 0.287 0.262125 0.26849999999999996 0.280625
0.315 0.3195 0.29450000000000004 0.30762500000000004 0.30637499999999995
0.32399999999999995 0.28300000000000003 0.25799999999999995 0.27675 0.26425
0.33299999999999996 0.307125 0.276125 0.29474999999999996 0.28850000000000003
0.34199999999999997 0.32199999999999995 0.3045 0.31462499999999993 0.311875
0.351 0.303625 0.290625 0.303625 0.290625
0.36 0.29662499999999997 0.28775 0.288625 0.29574999999999996
0.369 0.35112499999999996 0.333125 0.33925 0.34500000000000003
0.37799999999999995 0.33412499999999995 0.32675 0.32675 0.33412499999999995
0.38699999999999996 0.34550000000000003 0.32937500000000003 0.34025 0.334625
0.39599999999999996 0.34299999999999997 0.328 0.339625 0.331375
0.40499999999999997 0.33075 0.311125 0.31612500000000004 0.32575000000000004
0.414 0.33849999999999997 0.31487499999999996 0.33849999999999997 0.31487499999999996
0.423 0.35924999999999996 0.336 0.35374999999999995 0.3415
0.43199999999999994 0.330375 0.304125 0.31224999999999997 0.32225
0.44099999999999995 0.331625 0.3045 0.331625 0.3045
0.44999999999999996 0.38112500000000005 0.36325 0.369 0.375375
0.45899999999999996 0.394625 0.378 0.394625 0.378
0.46799999999999997 0.30425 0.288125 0.30025 0.292125
0.477 0.38887499999999997 0.37 0.378 0.38087499999999996
0.486 0.3215 0.307125 0.318875 0.30975
0.49499999999999994 0.389875 0.36824999999999997 0.38212500000000005 0.376
0.504 0.384375 0.3515 0.365625 0.37024999999999997
0.513 0.4 0.378125 0.39137500000000003 0.38675000000000004
0.5219999999999999 0.38375 0.35575 0.365625 0.373875
0.5309999999999999 0.379125 0.3625 0.369625 0.372
0.5399999999999999 0.32475 0.3015 0.305375 0.32087499999999997
0.5489999999999999 0.31775 0.292125 0.30012500000000003 0.30974999999999997
0.5579999999999999 0.43425 0.4215 0.4215 0.43425
0.567 0.384125 0.35525 0.37687499999999996 0.36249999999999993
0.576 0.39812499999999995 0.35350000000000004 0.35350000000000004 0.39812499999999995
0.585 0.40875000000000006 0.36025 0.39675000000000005 0.3722500000000001
0.594 0.445 0.429875 0.43199999999999994 0.442875
0.603 0.364875 0.352 0.36150000000000004 0.355375
0.612 0.357 0.34 0.356 0.341
0.621 0.35024999999999995 0.32775 0.342875 0.335125
0.63 0.344625 0.3255 0.34450000000000003 0.32562499999999994
0.6389999999999999 0.37925 0.36125 0.36125 0.37925
0.6479999999999999 0.312 0.28087500000000004 0.286125 0.30675
0.6569999999999999 0.384125 0.37125 0.377 0.378375
0.6659999999999999 0.37124999999999997 0.34924999999999995 0.35450000000000004 0.366
0.6749999999999999 0.39162500000000006 0.35875 0.3848750000000001 0.36550000000000005
0.6839999999999999 0.30825 0.26437499999999997 0.289875 0.28275000000000006
0.693 0.40824999999999995 0.385 0.399875 0.39337500000000003
0.702 0.33425000000000005 0.29775 0.30737500000000006 0.32462500000000005
0.711 0.362625 0.31925 0.34175 0.340125
0.72 0.353875 0.320125 0.337875 0.33612499999999995
0.729 0.379375 0.35474999999999995 0.364 0.370125
0.738 0.32875 0.2765 0.31275000000000003 0.29250000000000004
0.747 0.349125 0.32225000000000004 0.331625 0.33975
0.7559999999999999 0.372875 0.348625 0.372875 0.348625
0.7649999999999999 0.36150000000000004 0.309625 0.34675 0.32437499999999997
0.7739999999999999 0.367 0.3295 0.33062499999999995 0.36587500000000006
0.7829999999999999 0.41762499999999997 0.391625 0.40750000000000003 0.40175
0.7919999999999999 0.359125 0.3325 0.33337500000000003 0.35825
0.8009999999999999 0.34362499999999996 0.29675 0.29775 0.342625
0.8099999999999999 0.43512500000000004 0.39699999999999996 0.426375 0.40575
0.819 0.392 0.36 0.3835 0.3685
0.828 0.378125 0.337625 0.34675 0.36900000000000005
0.837 0.299375 0.26425 0.299375 0.26425
0.846 0.20774999999999996 0.193375 0.19875 0.20237499999999997
0.855 0.34224999999999994 0.30850000000000005 0.311875 0.338875
0.8639999999999999 0.35425 0.31825000000000003 0.3205 0.352
0.8729999999999999 0.36912500000000004 0.31825000000000003 0.34075 0.346625
0.8819999999999999 0.42737499999999995 0.39875 0.4111249999999999 0.41500000000000004
0.8909999999999999 0.32375000000000004 0.28950000000000004 0.308875 0.304375
