2 8.082389831542969e-05
3 0.00010824203491210938
4 0.00018358230590820312
5 0.00028252601623535156
6 0.00044155120849609375
7 0.0007569789886474609
8 0.0005705356597900391
9 0.0005211830139160156
10 0.0006606578826904297
11 0.0010099411010742188
12 0.0010266304016113281
13 0.0011305809020996094
14 0.0013263225555419922
15 0.001613616943359375
16 0.002191781997680664
17 0.0024480819702148438
18 0.002980470657348633
19 0.008013010025024414
20 0.008321285247802734
21 0.011278867721557617
22 0.007228374481201172
23 0.0090789794921875
24 0.007394313812255859
25 0.005756855010986328
26 0.0082244873046875
27 0.013799428939819336
28 0.007116079330444336
29 0.007828474044799805
30 0.008999824523925781
31 0.008116006851196289
32 0.007798671722412109
33 0.0094757080078125
34 0.00919795036315918
35 0.010989189147949219
36 0.013174057006835938
37 0.011815309524536133
38 0.012331485748291016
39 0.013799667358398438
40 0.0159761905670166
41 0.0420374870300293
42 0.020521163940429688
43 0.02019810676574707
44 0.03378915786743164
45 0.02013230323791504
46 0.03653669357299805
47 0.04141497611999512
48 0.04200577735900879
49 0.029885530471801758
50 0.03618001937866211
51 0.029352188110351562
52 0.0573267936706543
53 0.02661871910095215
54 0.024652719497680664
55 0.029503345489501953
56 0.05871915817260742
57 0.07280111312866211
58 0.07250022888183594
59 0.22307920455932617
60 0.10370731353759766
61 0.11915278434753418
62 0.11336874961853027
63 0.1084592342376709
64 0.07001399993896484
65 0.07876777648925781
66 0.03949761390686035
67 0.04285168647766113
68 0.04931330680847168
69 0.07259297370910645
70 0.051955461502075195
71 0.05735588073730469
72 0.04539012908935547
73 0.07929205894470215
74 0.04649233818054199
75 0.061126708984375
76 0.056761980056762695
77 0.08843207359313965
78 0.0601658821105957
79 0.05331993103027344
80 0.09730815887451172
81 0.06735730171203613
82 0.059632301330566406
83 0.10396647453308105
84 0.06846451759338379
85 0.07815384864807129
86 0.09470319747924805
87 0.06670975685119629
88 0.07450103759765625
89 0.10222339630126953
90 0.10067391395568848
91 0.11129570007324219
92 0.07879304885864258
93 0.11356782913208008
94 0.08093380928039551
95 0.09534907341003418
96 0.12678861618041992
97 0.08602237701416016
98 0.15312886238098145
99 0.08558011054992676
100 0.13692045211791992
101 0.1191251277923584
102 0.18844103813171387
103 0.13206911087036133
104 0.08855962753295898
105 0.13902831077575684
106 0.08681702613830566
107 0.15932917594909668
108 0.08949613571166992
109 0.1337890625
110 0.1464841365814209
111 0.11204934120178223
112 0.1685032844543457
113 0.14627456665039062
114 0.10628414154052734
115 0.1514122486114502
116 0.16637372970581055
117 0.12229609489440918
118 0.15347909927368164
119 0.1819443702697754
120 0.16475486755371094
121 0.11338567733764648
122 0.15458011627197266
123 0.15922284126281738
124 0.16681575775146484
125 0.16864585876464844
126 0.1452805995941162
127 0.17081403732299805
128 0.18585634231567383
129 0.1822214126586914
130 0.17147588729858398
131 0.2414083480834961
132 0.21359777450561523
133 0.19357919692993164
134 0.15859770774841309
135 0.18763446807861328
136 0.18013930320739746
137 0.18675565719604492
138 0.1829826831817627
139 0.1865231990814209
140 0.2001485824584961
141 0.25098729133605957
142 0.26607251167297363
143 0.22220110893249512
144 0.22577548027038574
145 0.21151399612426758
146 0.21237921714782715
147 0.2283644676208496
148 0.22350525856018066
149 0.22058629989624023
150 0.26954150199890137
151 0.24384713172912598
152 0.23270416259765625
153 0.23505401611328125
154 0.287121057510376
155 0.246107816696167
156 0.24429035186767578
157 0.23749065399169922
158 0.28925442695617676
159 0.2489314079284668
160 0.2485194206237793
161 0.3252377510070801
162 0.2562544345855713
163 0.32030701637268066
164 0.2771735191345215
165 0.26380109786987305
166 0.32564640045166016
167 0.2730534076690674
168 0.32945799827575684
169 0.2868993282318115
170 0.3366885185241699
171 0.2846345901489258
172 0.33742403984069824
173 0.3539152145385742
174 0.2982969284057617
175 0.35788393020629883
176 0.29471826553344727
177 0.43746280670166016
178 0.36356663703918457
179 0.3099045753479004
180 0.3758275508880615
181 0.3842127323150635
182 0.39115428924560547
183 0.3292226791381836
184 0.3834819793701172
185 0.3931701183319092
186 0.3936736583709717
187 0.41660642623901367
188 0.4053657054901123
189 0.33525991439819336
190 0.4059720039367676
191 0.4110069274902344
192 0.4073982238769531
193 0.4293534755706787
194 0.4326488971710205
195 0.44300150871276855
196 0.4494483470916748
197 0.4214038848876953
198 0.44213080406188965
199 0.4479532241821289
200 0.5056979656219482
201 0.4541900157928467
202 0.48251771926879883
203 0.535853385925293
204 0.46508121490478516
205 0.5226552486419678
206 0.46208930015563965
207 0.47362494468688965
208 0.5354502201080322
209 0.6349356174468994
210 0.5301015377044678
211 0.6086666584014893
212 0.5628767013549805
213 0.4885067939758301
214 0.556943416595459
215 0.5119419097900391
216 0.578559160232544
217 0.5180716514587402
218 0.5004825592041016
219 0.5680496692657471
220 0.5935280323028564
221 0.538393497467041
222 0.5934407711029053
223 0.5310063362121582
224 0.6089272499084473
225 1.0292019844055176
226 0.8308093547821045
227 0.6546716690063477
228 0.5993499755859375
229 0.6286323070526123
230 0.6398687362670898
231 0.6494228839874268
232 0.5817911624908447
233 0.6521284580230713
234 0.6669929027557373
235 0.6793608665466309
236 0.6357333660125732
237 0.7745532989501953
238 0.7234790325164795
239 0.7399847507476807
240 0.6999156475067139
241 0.6448326110839844
242 0.7569093704223633
243 1.059598445892334
244 0.927588939666748
245 1.3056282997131348
246 0.8410899639129639
247 1.0128974914550781
248 0.7740740776062012
249 0.7782926559448242
250 0.7809374332427979
251 0.8245046138763428
252 1.2085914611816406
253 0.9571542739868164
254 1.0667831897735596
255 1.0112054347991943
256 1.1502361297607422
257 0.879586935043335
258 0.9443347454071045
259 0.819084644317627
260 0.840660810470581
261 0.8343183994293213
262 0.899538516998291
263 1.0899758338928223
264 0.8676908016204834
265 0.8560097217559814
266 0.936110258102417
267 1.0791754722595215
268 1.2213315963745117
269 1.4135715961456299
270 0.9866926670074463
271 1.0979137420654297
272 1.449087142944336
273 1.3243517875671387
274 0.9876213073730469
275 0.9388980865478516
276 1.1817467212677002
277 1.2075257301330566
278 1.0543043613433838
279 1.2346174716949463
280 1.3428454399108887
281 2.1860783100128174
282 1.8395195007324219
283 1.526946783065796
284 1.0038120746612549
285 1.1366281509399414
286 0.9451138973236084
287 1.1051304340362549
288 1.021073579788208
289 1.6808209419250488
290 1.2327868938446045
291 1.1167035102844238
292 1.0261125564575195
293 1.1114976406097412
294 1.4635117053985596
295 1.3610527515411377
296 1.177708625793457
297 1.2906990051269531
298 1.2249443531036377
299 1.078355073928833
300 1.054508924484253
301 1.2672810554504395
302 1.170663833618164
303 1.2212772369384766
304 1.161719799041748
305 1.2884373664855957
306 1.1328680515289307
307 1.2449796199798584
308 1.2117092609405518
309 1.4701895713806152
310 1.4437048435211182
311 1.2127668857574463
312 1.5343818664550781
313 1.60988187789917
314 1.3930363655090332
315 1.2414546012878418
316 1.3563425540924072
317 1.3735079765319824
318 1.3037731647491455
319 1.3182649612426758
320 1.4404032230377197
321 1.3883681297302246
322 1.2450225353240967
323 1.319155216217041
324 1.4162800312042236
325 1.5590434074401855
326 1.3308770656585693
327 1.8037292957305908
328 1.918241262435913
329 1.8707008361816406
330 1.8261137008666992
331 2.078219413757324
332 2.3117270469665527
333 2.2146880626678467
334 1.8671979904174805
335 2.1152689456939697
336 1.8167457580566406
337 1.9273509979248047
338 2.549914836883545
339 3.0663585662841797
340 2.7551939487457275
341 2.8251447677612305
342 2.022590160369873
343 2.3681747913360596
344 1.8284950256347656
345 2.4170727729797363
346 2.233604669570923
347 1.9400949478149414
348 1.4719264507293701
349 1.6489932537078857
350 1.6289761066436768
351 1.9625461101531982
352 1.7542455196380615
353 2.0145106315612793
354 2.1289775371551514
355 1.8276185989379883
356 2.463804006576538
357 1.9744160175323486
358 1.97727370262146
359 1.5476653575897217
360 1.8808069229125977
361 1.8155300617218018
362 1.8876023292541504
363 1.8264799118041992
364 1.7351582050323486
365 1.9650545120239258
366 1.6653971672058105
367 2.2543232440948486
368 2.0410425662994385
369 1.772878646850586
370 1.7278947830200195
371 2.465404987335205
372 1.9369308948516846
373 1.7267436981201172
374 1.8319861888885498
375 3.23712420463562
376 2.481458902359009
377 2.262861490249634
378 3.098374366760254
379 2.7181222438812256
380 2.9388952255249023
381 2.9523983001708984
382 1.8429558277130127
383 2.011282444000244
384 1.9457032680511475
385 2.0462806224823
386 1.7143244743347168
387 2.034881830215454
388 1.9444489479064941
389 2.1202337741851807
390 1.7655823230743408
391 2.0838537216186523
392 2.003455400466919
393 1.987351417541504
394 1.9836757183074951
395 2.4400227069854736
396 3.150836706161499
397 2.652878522872925
398 3.254333972930908
399 3.124467611312866
400 2.758589506149292
401 2.930339813232422
402 2.4204835891723633
403 2.881178855895996
404 2.6274185180664062
405 2.439176559448242
406 2.2418127059936523
407 2.489790439605713
408 2.644465923309326
409 2.3632352352142334
410 2.605745553970337
411 2.3181614875793457
412 2.8970284461975098
413 2.9954628944396973
414 2.8974573612213135
415 2.434239625930786
416 2.8387808799743652
417 4.067792654037476
418 2.54298734664917
419 2.6361215114593506
420 2.969668388366699
421 2.6773059368133545
422 2.8863675594329834
423 2.9935758113861084
424 2.840961456298828
425 3.027545213699341
426 3.2925984859466553
427 3.138543128967285
428 2.6873724460601807
429 3.146286725997925
430 3.3080086708068848
431 2.621969223022461
432 3.4150753021240234
433 2.7532150745391846
434 2.4833123683929443
435 2.8266005516052246
436 2.990384578704834
437 3.6893060207366943
438 3.166435956954956
439 4.198624134063721
440 4.697676658630371
441 2.8480606079101562
442 2.6721580028533936
443 3.163780450820923
444 3.5536344051361084
445 2.7058637142181396
446 2.7500739097595215
447 2.9397873878479004
448 2.9310860633850098
449 2.8769853115081787
450 2.6522574424743652
451 3.282425880432129
452 3.2257585525512695
453 2.866765260696411
454 2.737191677093506
455 2.6581473350524902
456 2.683784246444702
457 3.0097596645355225
458 3.2912967205047607
459 3.475496768951416
460 3.542689800262451
461 3.0201802253723145
462 2.8560335636138916
463 2.9340925216674805
464 3.0741159915924072
465 2.812272071838379
466 2.7729568481445312
467 2.936124324798584
468 2.8492891788482666
469 2.9952361583709717
470 3.201422691345215
471 2.9019362926483154
472 3.1891210079193115
473 3.3042097091674805
474 3.4209578037261963
475 3.7557597160339355
476 3.678921699523926
477 3.955554485321045
478 3.5241658687591553
479 3.0808560848236084
480 3.8900177478790283
481 3.5506739616394043
482 3.6162469387054443
483 3.302558660507202
484 4.086405992507935
485 3.296665668487549
486 4.213256120681763
487 3.591487169265747
488 3.626554012298584
489 3.797295331954956
490 3.5698421001434326
491 3.590221405029297
492 3.379171848297119
493 3.4145915508270264
494 3.8481972217559814
495 3.255601406097412
496 3.4003372192382812
497 3.1351397037506104
498 3.80783748626709
499 4.5205278396606445
500 4.714194059371948
501 4.006763935089111
502 3.504554033279419
503 3.5479278564453125
504 3.7026238441467285
505 4.032775163650513
506 4.115676164627075
507 3.9262216091156006
508 3.732689142227173
509 4.835898160934448
510 3.392550230026245
511 3.81954288482666
512 3.716219663619995
513 4.23455810546875
514 3.728778600692749
515 3.8871538639068604
516 3.687911033630371
517 4.107320308685303
518 4.256999969482422
519 4.075030565261841
520 4.253374338150024
521 4.188502073287964
522 4.7593865394592285
523 4.490180730819702
524 4.210560083389282
525 4.0449676513671875
526 3.8512518405914307
527 3.895203113555908
528 3.5777664184570312
529 3.896469831466675
530 3.598691701889038
531 3.687011480331421
532 3.8682069778442383
533 3.9236717224121094
534 3.9712657928466797
535 3.849952220916748
536 4.013874053955078
537 4.838237524032593
538 4.323877573013306
539 4.108324289321899
540 3.7854557037353516
541 3.6889307498931885
542 3.9934937953948975
543 4.294604063034058
544 3.906424045562744
545 4.379776239395142
546 4.578808307647705
547 4.227392673492432
548 4.229138374328613
549 5.32298731803894
550 3.88958740234375
551 3.7674756050109863
552 4.047349691390991
553 4.002353191375732
554 4.955469369888306
555 5.78845477104187
556 4.372572660446167
557 4.290302753448486
558 4.030095338821411
559 4.3549065589904785
560 4.01314902305603
561 4.325190544128418
562 4.408428192138672
563 4.097889423370361
564 4.057897567749023
565 4.299548625946045
566 4.305190086364746
567 4.278022050857544
568 4.694211959838867
569 6.41620397567749
570 5.6153788566589355
571 6.326902627944946
572 5.375911474227905
573 5.47852897644043
574 5.109485626220703
575 5.30353569984436
576 5.830829381942749
577 5.409186124801636
578 4.651576519012451
579 4.564675331115723
580 5.49805760383606
581 4.223458528518677
582 4.560888767242432
583 6.554813623428345
584 4.906595230102539
585 5.20198655128479
586 6.4503631591796875
587 5.309264659881592
588 5.626819849014282
589 4.4811272621154785
590 5.215204954147339
591 4.785034656524658
592 6.0307934284210205
593 5.22959566116333
594 5.022596836090088
595 5.6291890144348145
596 4.982123851776123
597 5.174018383026123
598 4.400986671447754
599 5.306527137756348
600 4.7474682331085205
601 4.935577869415283
602 5.036738157272339
603 4.757310390472412
604 4.841987133026123
605 5.183440923690796
606 4.881526470184326
607 4.989092588424683
608 4.938039064407349
609 4.8959972858428955
610 5.57893967628479
611 7.286456346511841
612 6.733582973480225
613 5.127258777618408
614 5.716120004653931
615 6.014828205108643
616 5.469985008239746
617 5.531554460525513
618 5.482415676116943
619 7.1776347160339355
620 5.603668689727783
621 6.4836180210113525
622 7.18594765663147
623 6.4009950160980225
624 5.440066576004028
625 5.5213258266448975
626 5.573049545288086
627 6.237655401229858
628 7.031830072402954
629 5.872745037078857
630 5.714333772659302
631 6.242236137390137
632 6.259800434112549
633 5.884383678436279
634 6.549927711486816
635 5.636973142623901
636 5.836590528488159
637 5.7357611656188965
638 6.483256578445435
639 6.535068988800049
640 7.199160814285278
641 6.504404544830322
642 5.820546627044678
643 5.759488821029663
644 6.409854173660278
645 7.468662977218628
646 5.582849979400635
647 6.066718816757202
648 5.616759538650513
649 6.447688102722168
650 5.635880708694458
651 6.0444605350494385
652 6.094082355499268
653 6.359120607376099
654 5.62380576133728
655 7.893693685531616
656 7.581321716308594
657 6.6893463134765625
658 5.886824607849121
659 5.896963596343994
660 5.854945182800293
661 7.24334979057312
662 6.0830066204071045
663 6.0855772495269775
664 5.474457502365112
665 6.483224868774414
666 6.314567565917969
667 6.264948844909668
668 6.424118757247925
669 6.505923271179199
670 7.406405448913574
671 6.893299341201782
672 5.650965929031372
673 6.160486698150635
674 7.2254252433776855
675 8.437997341156006
676 6.47012996673584
677 6.9711244106292725
678 7.4130589962005615
679 6.5523247718811035
680 6.492814779281616
681 7.02239203453064
682 7.5925657749176025
683 6.424121141433716
684 7.493488311767578
685 6.834745168685913
686 7.260966777801514
687 6.538586616516113
688 8.921991348266602
689 7.333765983581543
690 6.3378942012786865
691 6.810932636260986
692 9.04061770439148
693 8.713421106338501
694 9.378990173339844
695 10.018875122070312
696 9.657249212265015
697 8.699987411499023
698 8.847684383392334
699 9.886775970458984
700 9.551360368728638
701 9.796809434890747
702 9.248311519622803
703 11.899117946624756
704 8.82806396484375
705 10.821566581726074
706 12.00224232673645
707 11.902666807174683
708 12.103488445281982
709 9.336683988571167
710 11.359741926193237
711 9.766389846801758
712 6.551471710205078
713 8.981707572937012
714 8.248342514038086
715 9.58725619316101
716 9.81020212173462
717 8.033910989761353
718 8.728906631469727
719 7.29256010055542
720 6.65695595741272
721 7.217462062835693
722 7.206050157546997
723 7.2982542514801025
724 8.334958791732788
725 7.743594646453857
726 7.053792715072632
727 8.008537769317627
728 7.734541893005371
729 7.093054533004761
730 9.024121284484863
731 9.498207092285156
732 9.670292377471924
733 8.753117799758911
734 8.195388078689575
735 8.79025149345398
736 7.12626838684082
737 8.149322986602783
738 8.858366250991821
739 7.871617078781128
740 10.533899545669556
741 9.853670358657837
742 9.05204963684082
743 7.694263696670532
744 7.480350494384766
745 7.734513282775879
746 8.750468015670776
747 7.570869445800781
748 7.950439453125
749 8.931228399276733
750 7.655164957046509
751 9.433923959732056
752 10.743525505065918
753 13.215738534927368
754 10.25037169456482
755 12.116463661193848
756 7.526244878768921
757 7.901525020599365
758 8.345365524291992
759 8.978055953979492
760 8.244207620620728
761 7.572497129440308
762 8.889949083328247
763 7.629081726074219
764 8.759793519973755
765 7.74389123916626
766 9.079164266586304
767 7.756725788116455
768 8.18704867362976
769 8.258044481277466
770 9.090438604354858
771 9.493281364440918
772 11.028684377670288
773 12.749022483825684
774 9.845952987670898
775 9.036592245101929
776 12.73587155342102
777 9.037010908126831
778 14.343803644180298
779 8.616545915603638
780 9.223417043685913
781 8.063639163970947
782 12.536395072937012
783 9.350530624389648
784 7.554359197616577
785 8.989020347595215
786 10.165714740753174
787 10.162837743759155
788 10.86610221862793
789 13.042341947555542
790 9.020020484924316
791 14.1165452003479
792 14.702600955963135
793 11.112950086593628
794 11.212008953094482
795 12.096520185470581
796 13.60944938659668
797 11.084043741226196
798 13.748696088790894
799 11.924906015396118
800 13.725637674331665
801 14.369215250015259
802 10.776713371276855
803 12.79163122177124
804 12.338135719299316
805 12.214602947235107
806 11.568864822387695
807 13.216217994689941
808 12.730804204940796
809 11.732207536697388
810 11.946580410003662
811 13.46208930015564
812 11.99966049194336
813 11.514088869094849
814 12.936074495315552
815 11.51578164100647
816 12.414344549179077
817 12.330584049224854
818 16.303879976272583
819 12.628591537475586
820 11.817384719848633
821 14.58003854751587
822 13.464724779129028
823 12.667046546936035
824 13.925646781921387
825 13.560208320617676
826 11.244802474975586
827 13.47486162185669
828 14.895973205566406
829 11.988618612289429
830 12.633867979049683
831 13.010701656341553
832 14.962550163269043
833 13.991466760635376
834 11.72390627861023
835 13.186575889587402
836 13.007253885269165
837 14.424102306365967
838 12.213985919952393
839 12.802820205688477
840 12.267366886138916
841 14.06306767463684
842 16.596154928207397
843 17.627229690551758
844 18.05855393409729
845 17.090167760849
846 19.352582931518555
847 9.934942483901978
848 10.406811952590942
849 12.055677890777588
850 10.20743179321289
851 10.652740716934204
852 10.83020806312561
853 10.901317119598389
854 11.265425205230713
855 10.462905168533325
856 13.113766431808472
857 12.032095432281494
858 14.247594833374023
859 10.466022729873657
860 15.03355860710144
861 9.82402753829956
862 11.667834281921387
863 10.76053237915039
864 10.034976243972778
865 12.439411878585815
866 10.20618724822998
867 10.223950624465942
868 11.011863470077515
869 10.728409051895142
870 10.058140516281128
871 11.186921119689941
872 11.355785369873047
873 9.995940923690796
874 10.993543863296509
875 11.412018060684204
876 9.90079951286316
877 11.961792230606079
878 10.942750215530396
879 11.487526655197144
880 11.271727085113525
881 11.293431520462036
882 10.7402822971344
883 11.99770188331604
884 11.656403064727783
885 11.315463066101074
886 12.222182035446167
887 10.332914113998413
888 11.952553749084473
889 11.604029417037964
890 11.36643123626709
891 11.337361097335815
892 11.220658540725708
893 11.167128086090088
894 12.26231837272644
895 11.694713592529297
896 13.624169826507568
897 11.916830062866211
898 13.383830070495605
899 13.226584911346436
900 12.016568422317505
901 11.323975801467896
902 10.769432544708252
903 12.10301923751831
904 10.75510025024414
905 11.969067811965942
906 11.514811754226685
907 11.46864104270935
908 12.477847576141357
909 14.512246370315552
910 14.047568559646606
911 12.556693077087402
912 15.817579507827759
913 15.307130575180054
914 15.375563383102417
915 14.77155089378357
916 11.642675399780273
917 18.636868000030518
918 16.66581153869629
919 15.028443574905396
920 21.638566493988037
921 17.021769523620605
922 14.675767660140991
923 15.052576303482056
924 16.534098386764526
925 14.772014379501343
926 15.814143657684326
927 17.075129508972168
928 15.579180479049683
929 16.36792302131653
930 15.929046154022217
931 15.845564126968384
932 14.496545314788818
933 20.96383047103882
934 15.999359130859375
935 15.656246900558472
936 16.203519105911255
937 14.788534879684448
938 15.304901599884033
939 15.99468731880188
940 16.265220165252686
941 14.172692060470581
942 13.60559368133545
943 14.059247493743896
944 13.421091318130493
945 12.439810276031494
946 12.383618116378784
947 13.144788265228271
948 12.295320272445679
949 12.29182481765747
950 12.505986452102661
951 12.399416208267212
952 14.22663688659668
953 15.662623882293701
954 13.314637660980225
